3450
3451
3452
3453
3651
3403
3404
3062
3605
3102
3104
3300
3301
3457
3600
3411
3414
3415
3004
3064
3361
3406
3604
3608
3111
3156
3157
3165
3852
3854
3855
3565
3350
3352
3353
3354
3357
3358
3359
3114
3367
3072
3270
3271
3517
3615
3464
3563
3805
3807
3811
3812
3073
3277
3074
3619
3620
3172
3310
3759
3219
3221
3222
3527
3952
3076
3468
3624
3572
3765
3767
4010
3625
3374
3176
3016
3466
3373
4022
3325
3587
3817
3827
3410
3430
3383
3627
3629
4051
3385
3750
4059
4090
4092
4099
4100
4101
4102
4103
4030
4067
3387
3479
3481
3635
3636
3541
3637
3965
3966
3967
3969
4107
4110
4113
3803
3086
4076
4078
4115
4121
3131
3389
4032
4038
3028
3428
3436
3666
3134
3386
3593
4035
3027
3224
3482
3505
4116
3191
3591
3013
3075
3215
3237
3461
3515
3390
3959
3960
3970
4126
